Name	Itemtype	Piece	x	y	z               
ink_1	TRAIN	1	0.2526	0.189	0.5584      
ink_1	TRAIN	2	0.2509	0.1982	0.5508      
ink_1	TRAIN	3	0.2697	0.2105	0.5198      
ink_1	TRAIN	4	0.2608	0.1986	0.5406
ink_1	TRAIN	5	0.2504	0.1906	0.559
ink_1	TRAIN	6	0.252	0.1914	0.5566
ink_1	TRAIN	7	0.2548	0.1951	0.5501
ink_1	TRAIN	8	0.2675	0.2094	0.5231
ink_1	TRAIN	9	0.2675	0.2094	0.5231
ink_1	TRAIN	10	0.2486	0.1865	0.5649
ink_1.1	TRAIN	1	0.2378	0.1727	0.5895
ink_1.1	TRAIN	2	0.2556	0.1973	0.5471
ink_1.1	TRAIN	3	0.2425	0.1799	0.5777
ink_1.1	TRAIN	4	0.2562	0.1991	0.5447
ink_1.1	TRAIN	5	0.2491	0.1893	0.5616
ink_1.1	TRAIN	6	0.2313	0.168	0.6008
ink_1.1	TRAIN	7	0.2356	0.1712	0.5933
ink_1.1	TRAIN	8	0.2309	0.1727	0.5965
ink_1.1	TRAIN	9	0.2556	0.2037	0.5407
ink_1.1	TRAIN	10	0.2306	0.17	0.5994
ink_2	TRAIN	1	0.2584	0.1985	0.5431
ink_2	TRAIN	2	0.2672	0.2012	0.5316
ink_2	TRAIN	3	0.2541	0.1869	0.559
ink_2	TRAIN	4	0.2461	0.1759	0.5781
ink_2	TRAIN	5	0.2494	0.1823	0.5683
ink_2	TRAIN	6	0.2629	0.2016	0.5355
ink_2	TRAIN	7	0.255	0.1898	0.5552
ink_2	TRAIN	8	0.2598	0.1931	0.5471
ink_2	TRAIN	9	0.2731	0.2163	0.5107
ink_2	TRAIN	10	0.2606	0.1942	0.5452
ink_2.1	TRAIN	1	0.2655	0.1921	0.5423
ink_2.1	TRAIN	2	0.253	0.1814	0.5656
ink_2.1	TRAIN	3	0.2644	0.1849	0.5508
ink_2.1	TRAIN	4	0.2604	0.187	0.5526
ink_2.1	TRAIN	5	0.2772	0.2009	0.5219
ink_2.1	TRAIN	6	0.2707	0.199	0.5303
ink_2.1	TRAIN	7	0.2574	0.1788	0.5638
ink_2.1	TRAIN	8	0.2749	0.1951	0.53
ink_2.1	TRAIN	9	0.2606	0.1849	0.5545
ink_2.1	TRAIN	10	0.2624	0.1819	0.5558
ink_3	TRAIN	1	0.2683	0.2033	0.5284
ink_3	TRAIN	2	0.2651	0.197	0.5379
ink_3	TRAIN	3	0.2694	0.2053	0.5253
ink_3	TRAIN	4	0.27	0.2035	0.5264
ink_3	TRAIN	5	0.2592	0.1935	0.5473
ink_3	TRAIN	6	0.2702	0.2056	0.5242
ink_3	TRAIN	7	0.2614	0.1932	0.5455
ink_3	TRAIN	8	0.267	0.2102	0.5228
ink_3	TRAIN	9	0.271	0.2018	0.5272
ink_3	TRAIN	10	0.2673	0.2058	0.5269
ink_3.1	TRAIN	1	0.2632	0.2056	0.5311
ink_3.1	TRAIN	2	0.265	0.2013	0.5337
ink_3.1	TRAIN	3	0.2608	0.2058	0.5334
ink_3.1	TRAIN	4	0.2579	0.2023	0.5398
ink_3.1	TRAIN	5	0.2648	0.2064	0.5288
ink_3.1	TRAIN	6	0.2574	0.1938	0.5488
ink_3.1	TRAIN	7	0.2686	0.2069	0.5245
ink_3.1	TRAIN	8	0.2608	0.202	0.5372
ink_3.1	TRAIN	9	0.251	0.2007	0.5483
ink_3.1	TRAIN	10	0.2568	0.1996	0.5436
ink_4	TRAIN	1	0.2755	0.2526	0.4718
ink_4	TRAIN	2	0.2666	0.2431	0.4903
ink_4	TRAIN	3	0.2652	0.2451	0.4897
ink_4	TRAIN	4	0.2563	0.2274	0.5164
ink_4	TRAIN	5	0.2584	0.2322	0.5095
ink_4	TRAIN	6	0.2563	0.2279	0.5158
ink_4	TRAIN	7	0.2559	0.2302	0.5139
ink_4	TRAIN	8	0.2534	0.2265	0.5202
ink_4	TRAIN	9	0.2512	0.2259	0.5229
ink_4	TRAIN	10	0.2637	0.2368	0.4995
ink_4.1	TRAIN	1	0.1907	0.157	0.6524
ink_4.1	TRAIN	2	0.187	0.1572	0.6557
ink_4.1	TRAIN	3	0.1848	0.1467	0.6685
ink_4.1	TRAIN	4	0.1905	0.1599	0.6496
ink_4.1	TRAIN	5	0.1978	0.176	0.6262
ink_4.1	TRAIN	6	0.188	0.1569	0.6551
ink_4.1	TRAIN	7	0.1961	0.1758	0.6281
ink_4.1	TRAIN	8	0.1913	0.1628	0.646
ink_4.1	TRAIN	9	0.1946	0.1692	0.6361
ink_4.1	TRAIN	10	0.1876	0.1523	0.6601
ink_5	TRAIN	1	0.2776	0.232	0.4904
ink_5	TRAIN	2	0.2682	0.2237	0.5082
ink_5	TRAIN	3	0.269	0.2272	0.5038
ink_5	TRAIN	4	0.274	0.2301	0.4959
ink_5	TRAIN	5	0.266	0.2155	0.5185
ink_5	TRAIN	6	0.2761	0.2344	0.4895
ink_5	TRAIN	7	0.2649	0.2235	0.5116
ink_5	TRAIN	8	0.2663	0.225	0.5088
ink_5	TRAIN	9	0.2802	0.235	0.4847
ink_5	TRAIN	10	0.2804	0.2351	0.4846
ink_5.1	TRAIN	1	0.2503	0.1804	0.5693
ink_5.1	TRAIN	2	0.2632	0.1967	0.54
ink_5.1	TRAIN	3	0.2529	0.1845	0.5626
ink_5.1	TRAIN	4	0.252	0.1844	0.5636
ink_5.1	TRAIN	5	0.2373	0.1637	0.599
ink_5.1	TRAIN	6	0.2547	0.1862	0.5591
ink_5.1	TRAIN	7	0.247	0.1729	0.5801
ink_5.1	TRAIN	8	0.2401	0.1658	0.5941
ink_5.1	TRAIN	9	0.2438	0.1727	0.5835
ink_5.1	TRAIN	10	0.2495	0.1835	0.5671
ink_1	TEST	1	0.2423	0.2016	0.5561
ink_1	TEST	2	0.2463	0.2013	0.5524
ink_1	TEST	3	0.2392	0.1977	0.5631
ink_1	TEST	4	0.2428	0.2065	0.5507
ink_1	TEST	5	0.2549	0.2152	0.5299
ink_1	TEST	6	0.2558	0.2184	0.5258
ink_1	TEST	7	0.2477	0.2099	0.5424
ink_1	TEST	8	0.2526	0.2135	0.5339
ink_1	TEST	9	0.2468	0.2037	0.5495
ink_1	TEST	10	0.2509	0.2145	0.5346
ink_5	TEST	1	0.2785	0.2047	0.5168
ink_5	TEST	2	0.282	0.2053	0.5127
ink_5	TEST	3	0.2866	0.2177	0.4957
ink_5	TEST	4	0.2745	0.2048	0.5207
ink_5	TEST	5	0.2806	0.213	0.5064
ink_5	TEST	6	0.2858	0.2079	0.5063
ink_5	TEST	7	0.2713	0.1959	0.5328
ink_5	TEST	8	0.2899	0.2172	0.4929
ink_5	TEST	9	0.2688	0.1967	0.5345
ink_5	TEST	10	0.2913	0.2227	0.486
ink_2	TEST	1	0.2587	0.2033	0.538
ink_2	TEST	2	0.2514	0.2054	0.5433
ink_2	TEST	3	0.2639	0.2091	0.527
ink_2	TEST	4	0.262	0.2149	0.5232
ink_2	TEST	5	0.2627	0.2063	0.531
ink_2	TEST	6	0.259	0.202	0.539
ink_2	TEST	7	0.2484	0.1985	0.5531
ink_2	TEST	8	0.2637	0.212	0.5243
ink_2	TEST	9	0.2453	0.1923	0.5624
ink_2	TEST	10	0.2645	0.2126	0.5229
ink_4	TEST	1	0.2681	0.2166	0.5153
ink_4	TEST	2	0.2674	0.219	0.5137
ink_4	TEST	3	0.2672	0.2168	0.516
ink_4	TEST	4	0.2611	0.2113	0.5277
ink_4	TEST	5	0.2671	0.2145	0.5184
ink_4	TEST	6	0.2626	0.2192	0.5182
ink_4	TEST	7	0.2694	0.2196	0.511
ink_4	TEST	8	0.2693	0.227	0.5038
ink_4	TEST	9	0.2689	0.2208	0.5103
ink_4	TEST	10	0.2618	0.2142	0.5241
ink_3	TEST	1	0.2688	0.2022	0.529
ink_3	TEST	2	0.2644	0.2031	0.5326
ink_3	TEST	3	0.2753	0.2114	0.5133
ink_3	TEST	4	0.2557	0.1815	0.5628
ink_3	TEST	5	0.2597	0.1946	0.5456
ink_3	TEST	6	0.257	0.1871	0.5559
ink_3	TEST	7	0.2736	0.2043	0.522
ink_3	TEST	8	0.2597	0.1911	0.5492
ink_3	TEST	9	0.2609	0.1928	0.5463
ink_3	TEST	10	0.2605	0.1899	0.5496
